Board no #0
2 4 0 9 5 0 7 0 3 
0 0 0 8 7 0 5 6 0 
5 0 0 0 0 0 0 0 0 
0 9 0 0 8 6 0 0 4 
0 6 8 7 0 3 2 5 0 
7 0 0 4 2 0 0 1 0 
0 0 0 0 0 0 0 0 5 
0 2 4 0 6 5 0 0 0 
6 0 5 0 9 7 0 2 8 
Board no #1
0 0 8 5 0 0 0 0 7 
6 0 7 0 3 0 0 8 0 
0 4 1 0 0 7 0 0 6 
0 0 3 0 0 8 5 2 4 
0 9 0 7 5 2 0 6 0 
5 6 2 1 0 0 9 0 0 
7 0 0 3 0 0 6 1 0 
0 1 0 0 7 0 8 0 2 
2 0 0 0 0 5 7 0 0 
Board no #2
4 0 0 0 6 0 8 5 7 
7 2 0 1 0 3 0 9 0 
0 0 0 4 0 0 0 0 1 
9 3 0 7 2 6 0 0 5 
0 0 0 0 0 0 0 0 0 
1 0 0 8 3 5 0 4 2 
6 0 0 0 0 8 0 0 0 
0 8 0 5 0 1 0 2 9 
5 4 1 0 9 0 0 0 8 
Board no #3
5 8 0 0 0 0 1 0 6 
0 0 0 0 0 7 0 2 9 
0 0 9 1 0 0 3 0 4 
0 0 5 4 7 0 2 9 0 
4 0 0 3 0 6 0 0 1 
0 2 3 0 9 5 4 0 0 
6 0 1 0 0 4 7 0 0 
9 4 0 7 0 0 0 0 0 
7 0 8 0 0 0 0 4 5 
Board no #4
0 3 0 0 0 8 0 7 6 
0 0 1 0 2 0 3 8 0 
5 8 0 0 0 7 0 0 0 
1 0 0 0 8 4 5 0 0 
4 0 7 0 0 0 9 0 8 
0 0 8 1 9 0 0 0 4 
0 0 0 8 0 0 0 3 7 
0 7 4 0 3 0 8 0 0 
8 1 0 6 0 0 0 4 0 
Board no #5
2 0 0 4 0 3 0 0 7 
0 7 5 0 0 9 0 0 0 
3 0 9 2 0 0 0 1 0 
0 0 0 6 0 0 0 8 0 
6 5 0 3 9 1 0 4 2 
0 1 0 0 0 4 0 0 0 
0 3 0 0 0 2 4 0 9 
0 0 0 5 0 0 2 3 0 
8 0 0 9 0 6 0 0 5 
Board no #6
0 6 0 1 0 2 0 3 7 
7 3 0 0 5 0 0 0 0 
0 1 0 0 0 0 5 0 0 
3 5 0 2 0 1 0 0 8 
6 8 0 0 7 0 0 9 4 
2 0 0 6 0 9 0 1 5 
0 0 6 0 0 0 0 4 0 
0 0 0 0 2 0 0 5 3 
4 9 0 5 0 8 0 2 0 
Board no #7
0 2 1 0 5 0 9 0 0 
0 5 7 0 1 0 2 4 6 
0 0 0 0 0 2 0 3 0 
5 0 0 0 3 0 4 0 2 
1 0 0 8 0 6 0 0 7 
2 0 6 0 4 0 0 0 1 
0 9 0 1 0 0 0 0 0 
6 1 5 0 9 0 8 2 0 
0 0 8 0 6 0 7 1 0 
