Board no #0
0 0 0 0 7 4 9 1 0 
2 9 0 0 0 6 4 0 0 
0 0 0 3 0 0 0 5 7 
8 3 0 4 0 1 0 0 0 
0 0 0 0 8 0 0 0 0 
0 0 0 7 0 9 0 4 5 
1 6 0 0 0 7 0 0 0 
0 0 4 1 0 0 0 6 3 
0 7 2 8 6 0 0 0 0 
Board no #1
4 0 0 0 0 0 6 0 0 
3 0 9 2 0 0 7 5 0 
8 7 0 0 5 0 2 0 0 
0 0 0 5 0 7 1 8 0 
0 0 0 0 6 0 0 0 0 
0 9 7 8 0 2 0 0 0 
0 0 5 0 8 0 0 2 1 
0 8 1 0 0 9 3 0 5 
0 0 3 0 0 0 0 0 9 
Board no #2
0 2 0 8 0 7 4 0 9 
0 0 6 0 0 0 0 0 2 
0 0 0 1 2 9 0 6 0 
4 0 8 0 5 0 0 0 0 
0 6 2 0 0 0 7 5 0 
0 0 0 0 4 0 3 0 6 
0 7 0 2 1 3 0 0 0 
2 0 0 0 0 0 5 0 0 
6 0 9 5 0 8 0 4 0 
Board no #3
0 0 0 0 0 9 7 8 0 
0 0 0 8 5 0 0 0 1 
0 8 0 0 0 1 3 0 5 
0 7 2 3 0 4 0 0 0 
0 6 0 9 2 5 0 7 0 
0 0 0 7 0 8 6 5 0 
9 0 5 4 0 0 0 3 0 
3 0 0 0 8 6 0 0 0 
0 4 6 1 0 0 0 0 0 
Board no #4
0 4 0 0 8 0 9 1 0 
0 0 8 2 0 5 0 0 0 
0 5 3 9 0 1 0 0 4 
0 0 4 0 0 6 0 0 9 
0 8 9 0 0 0 1 6 0 
6 0 0 1 0 0 8 0 0 
8 0 0 4 0 2 3 7 0 
0 0 0 5 0 7 6 0 0 
0 9 7 0 1 0 0 5 0 
Board no #5
0 8 5 0 0 9 0 0 7 
0 6 0 7 1 2 0 0 9 
9 0 0 0 3 0 0 0 2 
0 0 0 0 0 4 0 0 6 
4 2 7 0 0 0 8 5 3 
5 0 0 3 0 0 0 0 0 
7 0 0 0 8 0 0 0 1 
1 0 0 2 5 7 0 9 0 
6 0 0 1 0 0 2 7 0 
Board no #6
5 0 6 0 9 0 3 0 0 
1 0 4 2 0 0 0 9 0 
0 9 2 0 0 4 0 0 1 
0 0 5 8 0 0 4 0 0 
0 6 0 4 0 5 0 7 0 
0 0 3 0 0 7 8 0 0 
2 0 0 6 0 0 5 8 0 
0 4 0 0 0 8 1 0 9 
0 0 8 0 7 0 2 0 3 
Board no #7
0 0 0 7 6 0 5 0 0 
7 0 0 0 0 2 0 3 0 
2 0 1 9 0 0 8 0 0 
0 1 7 4 9 0 0 8 0 
8 0 0 0 0 0 0 0 5 
0 2 0 0 5 3 7 9 0 
0 0 2 0 0 5 3 0 7 
0 7 0 1 0 0 0 0 8 
0 0 4 0 2 7 0 0 0 
