Board no #0
8 2 0 0 0 0 7 0 0 
1 0 4 0 0 9 0 0 5 
0 5 9 0 3 0 0 0 4 
0 0 0 0 9 2 0 0 0 
2 9 0 0 5 0 0 7 6 
0 0 0 7 8 0 0 0 0 
4 0 0 0 6 0 9 1 0 
9 0 0 4 0 0 6 0 7 
0 0 6 0 0 0 0 2 8 
Board no #1
0 5 0 2 3 0 0 0 9 
0 0 0 6 0 0 2 7 0 
0 0 0 0 8 7 0 3 0 
0 0 5 0 9 0 8 0 6 
0 0 7 0 0 0 5 0 0 
6 0 9 0 5 0 7 0 0 
0 4 0 1 2 0 0 0 0 
0 9 6 0 0 8 0 0 0 
2 0 0 0 6 9 0 4 0 
Board no #2
8 5 0 0 0 0 2 9 0 
7 0 6 0 0 1 0 0 0 
0 0 0 0 9 0 0 0 0 
4 0 5 0 0 0 0 0 0 
0 0 9 7 0 5 3 0 0 
0 0 0 0 0 0 9 0 7 
0 0 0 0 6 0 0 0 0 
0 0 0 3 0 0 7 0 4 
0 1 8 0 0 0 0 6 3 
Board no #3
5 0 6 7 0 0 0 0 0 
0 0 1 0 5 0 0 0 0 
2 7 0 6 9 0 0 8 0 
0 0 9 0 0 0 7 0 0 
6 2 0 0 0 0 0 4 8 
0 0 3 0 0 0 2 0 0 
0 3 0 0 8 9 0 5 6 
0 0 0 0 2 0 8 0 0 
0 0 0 0 0 1 3 0 9 
Board no #4
7 0 0 3 0 0 2 0 5 
3 0 0 0 0 0 0 0 0 
0 9 8 0 5 6 0 4 0 
0 0 5 0 6 2 0 0 0 
0 0 0 4 9 3 0 0 0 
0 0 0 5 7 0 8 0 0 
0 8 0 9 2 0 5 1 0 
0 0 0 0 0 0 0 0 3 
1 0 4 0 0 5 0 0 9 
Board no #5
0 6 0 9 1 0 0 3 0 
0 4 0 5 0 0 0 0 0 
0 1 3 0 0 0 0 5 0 
0 0 5 1 9 0 0 0 2 
0 8 0 0 0 0 0 1 0 
6 0 0 0 3 8 5 0 0 
0 7 0 0 0 0 3 2 0 
0 0 0 0 0 2 0 8 0 
0 9 0 0 4 1 0 7 0 
Board no #6
0 3 1 0 4 0 7 0 0 
8 0 0 0 0 2 0 0 0 
0 0 5 0 0 9 0 6 0 
0 0 2 0 0 0 0 1 3 
1 0 8 0 0 0 2 0 7 
4 6 0 0 0 0 5 0 0 
0 5 0 4 0 0 1 0 0 
0 0 0 6 0 0 0 0 8 
0 0 6 0 9 0 4 7 0 
Board no #7
0 2 0 0 7 0 0 0 0 
5 0 9 3 0 0 2 0 0 
0 8 0 0 0 2 0 0 3 
0 0 0 0 0 6 1 0 0 
4 0 6 0 0 0 9 0 5 
0 0 8 9 0 0 0 0 0 
7 0 0 4 0 0 0 2 0 
0 0 4 0 0 8 6 0 1 
0 0 0 0 2 0 0 5 0 
