Board no #0
0 0 8 1 0 4 3 0 0 
0 4 0 0 0 0 0 0 0 
7 6 0 8 3 0 1 0 0 
0 8 9 0 0 6 0 0 0 
0 0 0 0 0 0 0 0 0 
0 0 0 9 0 0 8 3 0 
0 0 3 0 4 9 0 1 7 
0 0 0 0 0 0 0 4 0 
0 0 4 2 0 7 6 0 0 
Board no #1
9 0 0 0 0 3 0 0 0 
6 2 0 0 0 0 0 0 7 
0 0 5 0 0 7 0 3 0 
0 6 0 0 8 5 0 0 3 
7 0 0 9 2 6 0 0 8 
2 0 0 7 3 0 0 6 0 
0 7 0 6 0 0 3 0 0 
5 0 0 0 0 0 0 7 1 
0 0 0 8 0 0 0 0 5 
Board no #2
0 0 0 0 7 0 1 0 0 
0 7 1 2 9 0 0 0 0 
9 0 0 0 0 4 0 6 0 
3 0 0 0 4 0 0 5 0 
7 0 9 0 0 0 8 0 4 
0 4 0 0 1 0 0 0 9 
0 8 0 7 0 0 0 0 3 
0 0 0 0 2 1 5 7 0 
0 0 7 0 5 0 0 0 0 
Board no #3
0 0 6 0 1 0 0 4 0 
0 0 7 0 0 0 0 0 1 
0 0 0 9 7 0 0 2 0 
0 0 0 7 0 0 9 8 0 
9 0 0 2 0 8 0 0 3 
0 4 8 0 0 3 0 0 0 
0 1 0 0 5 9 0 0 0 
4 0 0 0 0 0 6 0 0 
0 5 0 0 3 0 8 0 0 
Board no #4
7 5 1 0 0 6 0 0 0 
0 4 0 0 0 0 2 0 0 
0 0 0 0 4 0 0 0 6 
0 0 3 0 0 9 0 6 1 
9 0 0 8 0 1 0 0 5 
1 2 0 7 0 0 3 0 0 
2 0 0 0 9 0 0 0 0 
0 0 8 0 0 0 0 1 0 
0 0 0 6 0 0 8 3 2 
Board no #5
0 0 8 0 2 0 9 0 0 
0 9 0 0 6 0 1 0 0 
5 0 0 0 0 0 0 8 2 
0 0 0 0 5 2 0 1 6 
0 0 0 8 0 3 0 0 0 
9 7 0 4 1 0 0 0 0 
1 3 0 0 0 0 0 0 9 
0 0 9 0 3 0 0 2 0 
0 0 7 0 9 0 5 0 0 
Board no #6
7 0 2 0 4 1 6 0 0 
0 1 0 0 3 0 0 0 0 
0 0 0 5 0 2 0 3 0 
8 0 7 0 0 0 0 6 0 
0 5 3 0 0 0 9 8 0 
0 6 0 0 0 0 7 0 4 
0 7 0 1 0 4 0 0 0 
0 0 0 0 6 0 0 4 0 
0 0 4 2 9 0 3 0 6 
Board no #7
0 0 0 0 6 9 0 4 0 
7 0 0 0 5 0 2 9 0 
0 0 8 2 0 0 0 0 5 
0 6 0 0 0 4 0 0 2 
0 0 5 0 0 0 4 0 0 
2 0 0 7 0 0 0 8 0 
1 0 0 0 0 7 6 0 0 
0 4 7 0 3 0 0 0 8 
0 8 0 6 4 0 0 0 0 
