Board no #0
0 0 4 0 2 8 0 0 0 
0 0 1 0 9 0 4 2 0 
0 2 0 0 0 0 7 3 0 
0 0 0 0 0 0 3 5 0 
7 0 0 1 0 9 0 0 2 
0 9 5 0 0 0 0 0 0 
0 3 7 0 0 0 0 4 0 
0 5 6 0 4 0 2 0 0 
0 0 0 5 3 0 8 0 0 
Board no #1
0 1 0 0 0 0 0 9 0 
4 0 8 5 0 0 2 0 0 
0 0 0 0 8 9 0 0 1 
0 0 0 7 0 0 0 0 5 
0 8 0 0 3 0 0 4 0 
6 0 0 0 0 1 0 0 0 
8 0 0 9 2 0 0 0 0 
0 0 5 0 0 4 9 0 3 
0 2 0 0 0 0 0 7 0 
Board no #2
0 6 4 0 0 9 0 0 0 
0 5 0 1 4 0 0 0 2 
0 1 0 0 0 5 8 0 0 
0 0 0 0 5 0 0 0 3 
0 2 0 9 0 8 0 5 0 
4 0 0 0 1 0 0 0 0 
0 0 7 3 0 0 0 9 0 
6 0 0 0 9 4 0 1 0 
0 0 0 8 0 0 3 6 0 
Board no #3
0 0 7 8 1 0 0 0 9 
0 0 2 0 0 0 0 0 0 
6 5 0 7 0 0 0 1 3 
0 0 1 0 3 0 0 6 8 
0 0 0 0 0 0 0 0 0 
8 6 0 0 4 0 3 0 0 
1 7 0 0 0 4 0 8 5 
0 0 0 0 0 0 7 0 0 
3 0 0 0 7 1 2 0 0 
Board no #4
0 0 0 0 0 0 0 0 0 
0 0 4 2 3 0 0 5 0 
3 6 0 0 5 0 0 8 7 
0 2 3 0 0 5 0 0 0 
0 0 0 1 6 2 0 0 0 
0 0 0 7 0 0 8 2 0 
8 5 0 0 2 0 0 3 9 
0 3 0 0 4 8 6 0 0 
0 0 0 0 0 0 0 0 0 
Board no #5
8 0 5 3 0 0 0 0 0 
6 0 0 0 0 2 0 0 9 
0 0 1 0 0 5 0 6 0 
0 0 0 9 0 0 0 0 4 
0 0 0 2 0 1 0 0 0 
2 0 0 0 0 6 0 0 0 
0 6 0 5 0 0 1 0 0 
3 0 0 8 0 0 0 0 2 
0 0 0 0 0 7 8 0 5 
Board no #6
0 0 0 5 0 0 1 0 0 
5 0 0 0 7 8 0 0 0 
2 0 8 1 0 0 0 9 0 
0 0 1 6 0 0 0 2 0 
3 0 0 0 0 0 0 0 8 
0 5 0 0 0 9 6 0 0 
0 7 0 0 0 3 2 0 5 
0 0 0 8 4 0 0 0 6 
0 0 5 0 0 2 0 0 0 
Board no #7
0 0 0 1 4 0 0 0 9 
8 1 0 0 0 0 5 0 0 
0 0 4 0 2 0 0 1 7 
0 0 5 0 0 3 0 6 0 
0 0 0 0 0 0 0 0 0 
0 2 0 4 0 0 7 0 0 
5 3 0 0 9 0 2 0 0 
0 0 8 0 0 0 0 7 1 
7 0 0 0 8 4 0 0 0 
