Board no #0
0 3 0 0 0 0 5 0 0 
0 6 4 0 2 0 0 0 0 
8 0 0 1 0 4 0 0 0 
0 0 3 0 0 7 0 5 8 
0 0 0 0 0 0 0 0 0 
7 5 0 6 0 0 3 0 0 
0 0 0 4 0 8 0 0 3 
0 0 0 0 3 0 6 7 0 
0 0 1 0 0 0 0 8 0 
Board no #1
2 0 0 0 0 5 3 0 4 
0 0 4 1 0 0 0 0 0 
0 7 0 0 0 0 6 2 0 
4 0 8 0 0 0 0 0 0 
0 0 0 6 9 7 0 0 0 
0 0 0 0 0 0 1 0 5 
0 8 2 0 0 0 0 6 0 
0 0 0 0 0 9 5 0 0 
9 0 3 8 0 0 0 0 7 
Board no #2
0 4 0 0 0 0 0 7 0 
0 0 6 0 1 0 0 4 3 
1 0 0 0 0 0 0 0 9 
9 0 1 3 0 0 0 0 0 
0 5 0 4 0 1 0 9 0 
0 0 0 0 0 5 2 0 1 
6 0 0 0 0 0 0 0 7 
4 7 0 0 8 0 6 0 0 
0 3 0 0 0 0 0 1 0 
Board no #3
0 8 7 6 0 0 5 0 4 
0 0 0 0 2 0 0 1 0 
0 0 0 0 0 0 6 0 7 
4 0 1 7 0 0 0 5 0 
0 0 0 0 5 0 0 0 0 
0 5 0 0 0 2 7 0 3 
3 0 8 0 0 0 0 0 0 
0 4 0 0 1 0 0 0 0 
1 0 5 0 0 8 3 6 0 
Board no #4
2 0 0 0 9 0 0 0 4 
0 1 0 0 0 0 0 9 0 
0 0 5 1 0 7 3 0 0 
0 0 0 8 1 0 0 0 0 
0 4 0 9 0 2 0 5 0 
0 0 0 0 5 4 0 0 0 
0 0 7 5 0 9 8 0 0 
0 6 0 0 0 0 0 4 0 
8 0 0 0 3 0 0 0 2 
Board no #5
1 0 0 0 0 9 0 0 0 
9 0 0 0 0 7 8 0 0 
0 7 0 0 3 0 0 1 0 
0 0 0 0 0 1 2 4 0 
4 0 0 0 2 0 0 0 7 
0 1 7 4 0 0 0 0 0 
0 3 0 0 5 0 0 2 0 
0 0 9 2 0 0 0 0 6 
0 0 0 7 0 0 0 0 3 
Board no #6
0 0 1 0 9 0 0 0 4 
0 0 0 2 0 0 0 0 0 
0 0 0 0 0 4 9 3 0 
5 0 0 4 0 8 0 9 0 
9 0 7 0 0 0 4 0 1 
0 2 0 9 0 1 0 0 7 
0 4 6 3 0 0 0 0 0 
0 0 0 0 0 2 0 0 0 
8 0 0 0 4 0 5 0 0 
Board no #7
0 0 0 4 0 0 0 0 0 
0 4 0 0 0 7 1 6 0 
0 0 2 3 0 6 9 0 0 
0 0 9 8 0 0 0 2 0 
7 0 0 0 0 0 0 0 5 
0 2 0 0 0 3 8 0 0 
0 0 4 6 0 9 7 0 0 
0 6 5 7 0 0 0 3 0 
0 0 0 0 0 2 0 0 0 
