Board no #0
0 0 4 0 8 3 0 0 0 
0 0 7 5 0 0 0 0 4 
5 9 0 0 0 0 0 0 0 
0 2 5 0 7 0 0 0 8 
0 8 3 0 0 0 1 6 0 
4 0 0 0 5 0 3 7 0 
0 0 0 0 0 0 0 3 7 
6 0 0 0 0 4 8 0 0 
0 0 0 1 9 0 4 0 0 
Board no #1
4 9 5 0 0 0 7 3 2 
0 0 0 0 0 9 0 0 0 
0 0 2 0 0 0 0 0 4 
0 5 0 0 6 0 4 0 0 
7 0 6 0 1 0 9 0 8 
0 0 4 0 7 0 0 2 0 
6 0 0 0 0 0 2 0 0 
0 0 0 5 0 0 0 0 0 
5 2 9 0 0 0 8 7 1 
Board no #2
5 0 7 8 0 0 2 0 0 
0 0 2 0 5 7 0 1 4 
0 1 0 4 0 0 5 0 0 
0 0 4 0 0 0 3 0 8 
0 7 0 0 0 0 0 5 0 
1 0 5 0 0 0 9 0 0 
0 0 6 0 0 8 0 9 0 
7 3 0 5 9 0 4 0 0 
0 0 9 0 0 6 7 0 5 
Board no #3
2 0 0 0 0 0 0 7 8 
0 9 0 0 7 0 0 0 0 
5 0 0 3 0 1 0 0 0 
0 3 0 6 0 4 0 0 2 
0 5 0 0 0 0 0 4 0 
6 0 0 7 0 5 0 1 0 
0 0 0 9 0 7 0 0 1 
0 0 0 0 2 0 0 9 0 
8 2 0 0 0 0 0 0 6 
Board no #4
4 6 1 0 2 0 0 9 0 
0 0 3 0 1 0 0 6 0 
0 0 2 0 9 0 0 3 0 
0 0 0 0 0 9 3 0 2 
0 0 0 0 0 0 0 0 0 
5 0 6 1 0 0 0 0 0 
0 1 0 0 7 0 4 0 0 
0 3 0 0 6 0 8 0 0 
0 8 0 0 5 0 6 7 9 
Board no #5
7 0 3 0 5 0 9 0 0 
0 1 5 4 0 0 0 0 0 
4 0 0 7 0 0 6 0 0 
0 0 0 9 6 0 1 0 0 
0 0 0 8 0 4 0 0 0 
0 0 4 0 2 7 0 0 0 
0 0 2 0 0 3 0 0 8 
0 0 0 0 0 6 5 1 0 
0 0 1 0 8 0 7 0 2 
Board no #6
5 6 2 0 0 0 0 4 0 
0 8 0 0 0 5 0 0 2 
0 0 0 6 0 0 0 0 0 
7 0 5 8 0 6 0 0 3 
0 0 0 0 2 0 0 0 0 
9 0 0 7 0 3 8 0 1 
0 0 0 0 0 8 0 0 0 
3 0 0 5 0 0 0 9 0 
0 5 0 0 0 0 4 3 8 
Board no #7
0 0 8 0 0 2 0 0 0 
6 7 0 0 0 0 0 0 0 
0 0 0 0 1 6 7 9 0 
1 4 6 0 0 0 0 0 0 
0 2 9 0 0 0 1 5 0 
0 0 0 0 0 0 8 6 2 
0 6 2 4 3 0 0 0 0 
0 0 0 0 0 0 0 8 7 
0 0 0 6 0 0 2 0 0 
