Board no #0
0 0 3 0 9 0 0 5 0 
0 8 4 6 0 0 0 0 9 
0 1 9 7 4 0 6 0 0 
0 0 5 0 0 7 9 4 0 
0 4 6 9 1 2 5 7 0 
0 9 7 5 0 0 3 0 0 
0 0 8 0 7 5 2 9 0 
6 0 0 0 0 9 4 3 0 
0 5 0 0 3 0 1 0 0 
Board no #1
8 0 1 2 7 0 0 0 0 
0 0 0 0 3 1 7 0 0 
6 0 3 0 4 0 2 0 5 
0 3 2 0 0 0 5 0 0 
0 0 0 8 9 6 0 0 0 
0 0 8 0 0 0 9 4 0 
2 0 4 0 6 0 8 0 9 
0 0 6 1 8 0 0 0 0 
0 0 0 0 2 4 1 0 3 
Board no #2
0 3 0 0 0 1 0 4 5 
0 0 0 0 5 7 3 1 0 
1 5 8 0 2 0 0 7 0 
0 0 0 0 6 0 5 0 9 
6 0 0 5 0 9 0 0 2 
3 0 5 0 1 0 0 0 0 
0 8 0 0 4 0 6 9 7 
0 1 6 8 7 0 0 0 0 
4 7 0 3 0 0 0 5 0 
Board no #3
0 4 7 0 0 0 0 0 5 
0 8 6 1 7 0 0 0 0 
9 3 0 5 0 0 8 0 0 
0 7 2 0 0 0 4 0 3 
0 0 0 8 9 7 0 0 0 
1 0 9 0 0 0 5 8 0 
0 0 4 0 0 5 0 3 8 
0 0 0 0 4 8 7 2 0 
3 0 0 0 0 0 1 5 0 
Board no #4
0 0 0 6 0 0 4 3 0 
8 0 4 0 3 0 2 0 0 
0 7 1 0 4 2 5 0 0 
0 0 7 0 0 0 3 0 5 
0 1 3 7 0 5 8 6 0 
6 0 8 0 0 0 7 0 0 
0 0 2 1 9 0 6 5 0 
0 0 6 8 5 0 9 0 2 
0 3 5 0 0 7 0 0 0 
Board no #5
8 0 0 6 5 0 9 0 0 
0 5 0 2 0 0 0 0 7 
6 0 0 3 0 7 2 8 0 
4 0 7 0 0 0 8 0 1 
0 0 5 8 0 2 4 0 0 
9 0 6 0 0 0 5 0 2 
0 3 8 7 0 5 0 0 9 
5 0 0 0 0 8 0 2 0 
0 0 4 0 2 6 0 0 8 
Board no #6
6 0 0 0 0 0 0 0 1 
0 3 0 0 0 6 9 0 0 
0 0 0 5 0 0 0 4 3 
2 8 0 0 4 0 5 9 7 
0 7 1 6 0 5 2 3 0 
4 5 3 0 9 0 0 8 6 
7 2 0 0 0 8 0 0 0 
0 0 5 1 0 0 0 7 0 
3 0 0 0 0 0 0 0 2 
Board no #7
0 0 0 8 6 0 0 2 0 
0 8 3 0 2 0 0 0 1 
6 0 0 1 0 0 5 0 0 
0 5 6 2 4 0 0 7 0 
2 0 0 7 0 3 0 0 6 
0 4 0 0 8 1 3 5 0 
0 0 5 0 0 2 0 0 9 
1 0 0 0 9 0 7 6 0 
0 3 0 0 7 6 0 0 0 
