Board no #0
0 9 0 0 7 0 8 0 0 
0 0 0 8 0 0 3 0 0 
0 5 0 3 9 0 0 0 4 
2 0 8 0 0 0 0 0 0 
4 0 0 6 0 9 0 0 7 
0 0 0 0 0 0 6 0 5 
9 0 0 0 5 2 0 6 0 
0 0 4 0 0 8 0 0 0 
0 0 1 0 6 0 0 4 0 
Board no #1
0 0 0 3 0 2 1 6 9 
0 0 7 0 9 0 0 0 4 
0 0 0 0 0 0 0 0 0 
0 1 0 0 0 6 0 0 5 
0 8 0 5 0 1 0 4 0 
9 0 0 7 0 0 0 3 0 
0 0 0 0 0 0 0 0 0 
2 0 0 0 6 0 3 0 0 
5 7 9 2 0 3 0 0 0 
Board no #2
0 6 0 0 0 0 0 0 0 
0 0 0 0 4 2 0 7 3 
0 0 1 0 6 0 4 0 0 
5 4 0 3 0 0 0 0 7 
0 0 0 0 0 0 0 0 0 
3 0 0 0 0 9 0 1 6 
0 0 4 0 5 0 1 0 0 
8 3 0 7 1 0 0 0 0 
0 0 0 0 0 0 0 8 0 
Board no #3
0 0 3 0 9 2 0 0 1 
8 0 0 0 0 0 0 7 0 
6 7 0 4 0 0 2 0 0 
0 0 0 0 0 0 4 0 9 
0 1 0 0 0 0 0 6 0 
4 0 8 0 0 0 0 0 0 
0 0 4 0 0 8 0 3 7 
0 5 0 0 0 0 0 0 6 
9 0 0 5 6 0 1 0 0 
Board no #4
3 0 0 8 0 0 0 6 0 
0 8 6 0 0 0 1 0 0 
1 7 0 0 0 5 0 0 0 
5 0 2 0 4 1 0 0 0 
0 0 0 0 7 0 0 0 0 
0 0 0 2 8 0 6 0 1 
0 0 0 1 0 0 0 4 3 
0 0 7 0 0 0 9 1 0 
0 1 0 0 0 3 0 0 8 
Board no #5
0 0 5 0 0 0 1 8 0 
4 2 0 0 0 9 0 7 0 
1 0 7 0 0 0 9 0 2 
0 0 4 7 0 0 0 0 0 
0 0 0 0 5 0 0 0 0 
0 0 0 0 0 2 7 0 0 
6 0 8 0 0 0 2 0 7 
0 7 0 9 0 0 0 6 3 
0 5 3 0 0 0 4 0 0 
Board no #6
0 9 0 0 3 0 0 0 0 
4 0 8 0 2 0 7 3 0 
0 0 0 0 0 4 0 0 8 
0 0 6 4 0 0 0 2 0 
0 0 0 5 0 9 0 0 0 
0 4 0 0 0 3 1 0 0 
3 0 0 1 0 0 0 0 0 
0 2 4 0 8 0 9 0 5 
0 0 0 0 9 0 0 6 0 
Board no #7
0 0 0 0 3 0 1 0 0 
0 0 0 0 0 9 8 2 0 
0 0 0 1 2 6 4 0 0 
0 1 0 0 9 4 3 0 5 
0 0 4 0 0 0 6 0 0 
5 0 3 7 8 0 0 4 0 
0 0 8 9 4 1 0 0 0 
0 2 9 5 0 0 0 0 0 
0 0 1 0 7 0 0 0 0 
