Board no #0
0 0 2 0 7 0 0 0 0 
8 1 0 5 0 0 7 0 0 
0 0 6 8 0 0 0 0 2 
0 2 0 0 0 7 5 6 0 
0 0 0 0 0 0 0 0 0 
0 8 9 3 0 0 0 7 0 
2 0 0 0 0 4 6 0 0 
0 0 7 0 0 5 0 9 3 
0 0 0 0 6 0 1 0 0 
Board no #1
1 6 2 8 0 0 3 0 0 
0 0 7 0 0 0 0 5 0 
0 0 0 1 0 0 0 0 6 
0 1 0 0 0 3 0 0 0 
0 0 3 7 0 5 4 0 0 
0 0 0 4 0 0 0 8 0 
7 0 0 0 0 1 0 0 0 
0 5 0 0 0 0 2 0 0 
0 0 4 0 0 8 5 7 1 
Board no #2
0 0 0 0 0 0 0 1 0 
0 0 1 0 0 0 9 0 3 
3 0 0 9 0 0 8 0 4 
0 0 8 3 2 0 0 0 1 
9 0 0 5 0 4 0 0 2 
2 0 0 0 6 1 3 0 0 
4 0 9 0 0 2 0 0 8 
6 0 5 0 0 0 4 0 0 
0 8 0 0 0 0 0 0 0 
Board no #3
0 7 0 1 0 0 4 0 0 
0 0 0 4 0 0 8 9 0 
0 0 3 0 0 6 0 0 0 
0 6 0 3 0 0 0 4 0 
7 3 0 2 0 4 0 8 1 
0 1 0 0 0 9 0 5 0 
0 0 0 9 0 0 5 0 0 
0 5 2 0 0 3 0 0 0 
0 0 1 0 0 2 0 3 0 
Board no #4
0 0 0 9 0 7 5 0 0 
0 9 0 0 0 0 0 7 0 
0 0 4 0 6 0 0 0 9 
0 2 0 0 8 9 6 0 0 
4 0 0 0 0 0 0 0 8 
0 0 8 3 7 0 0 5 0 
8 0 0 0 9 0 3 0 0 
0 4 0 0 0 0 0 9 0 
0 0 1 4 0 3 0 0 0 
Board no #5
0 4 0 8 0 0 0 0 0 
0 7 0 0 0 0 9 0 0 
0 0 1 0 0 7 0 3 6 
0 3 4 0 2 0 0 0 0 
5 0 0 4 0 3 0 0 1 
0 0 0 0 5 0 4 9 0 
7 2 0 9 0 0 6 0 0 
0 0 8 0 0 0 0 1 0 
0 0 0 0 0 5 0 7 0 
Board no #6
0 0 9 0 7 3 0 0 0 
0 8 3 6 0 0 0 0 0 
5 0 0 0 0 2 0 0 1 
6 0 0 0 0 0 0 2 0 
0 0 8 9 0 4 7 0 0 
0 4 0 0 0 0 0 0 9 
8 0 0 3 0 0 0 0 5 
0 0 0 0 0 7 1 8 0 
0 0 0 1 5 0 4 0 0 
Board no #7
0 0 6 0 0 0 0 0 8 
1 0 4 0 0 0 0 0 0 
0 2 0 6 5 0 0 0 4 
0 1 0 0 0 2 0 0 0 
0 0 3 8 0 1 4 0 0 
0 0 0 7 0 0 0 3 0 
6 0 0 0 4 9 0 1 0 
0 0 0 0 0 0 9 0 2 
2 0 0 0 0 0 3 0 0 
