Board no #0
0 0 3 0 0 0 1 7 0 
0 7 6 9 1 5 4 0 0 
4 0 0 0 2 0 0 6 0 
0 5 0 0 0 7 0 4 0 
0 0 7 1 0 9 2 0 0 
0 9 0 2 0 0 0 8 0 
0 3 0 0 9 0 0 0 4 
0 0 5 4 3 2 7 1 0 
0 4 8 0 0 0 6 0 0 
Board no #1
0 5 4 0 8 0 6 3 2 
0 6 0 3 5 0 0 9 0 
0 0 9 0 0 0 0 0 0 
9 0 0 1 0 6 3 0 0 
7 1 0 0 0 0 0 2 6 
0 0 8 9 0 5 0 0 1 
0 0 0 0 0 0 5 0 0 
0 9 0 0 6 1 0 8 0 
5 7 6 0 3 0 2 1 0 
Board no #2
0 0 0 0 7 0 6 0 4 
0 9 8 6 2 0 0 0 3 
6 0 0 0 0 0 0 2 8 
7 3 0 0 0 2 0 0 0 
5 1 0 4 0 7 0 8 6 
0 0 0 3 0 0 0 5 2 
9 2 0 0 0 0 0 0 1 
4 0 0 0 8 1 2 3 0 
3 0 1 0 4 0 0 0 0 
Board no #3
0 0 1 0 3 7 4 6 0 
0 0 0 6 0 0 0 1 0 
7 0 0 0 0 9 5 0 8 
0 0 0 0 4 0 0 9 1 
0 0 4 7 0 8 2 0 0 
5 7 0 0 9 0 0 0 0 
9 0 2 5 0 0 0 0 4 
0 1 0 0 0 3 0 0 0 
0 6 5 1 8 0 9 0 0 
Board no #4
0 2 0 0 4 0 0 0 9 
0 0 0 0 0 3 0 0 0 
7 0 8 0 0 0 6 3 1 
0 0 7 9 3 2 0 0 4 
0 8 0 4 0 7 0 6 0 
1 0 0 8 5 6 7 0 0 
6 5 2 0 0 0 8 0 3 
0 0 0 2 0 0 0 0 0 
8 0 0 0 6 0 0 4 0 
Board no #5
0 5 8 0 1 0 0 7 6 
0 0 0 0 0 0 1 0 0 
0 0 1 0 5 7 9 4 0 
0 0 0 7 2 0 0 1 0 
0 9 0 4 0 5 0 6 0 
0 4 0 0 8 1 0 0 0 
0 8 6 1 7 0 2 0 0 
0 0 4 0 0 0 0 0 0 
9 7 0 0 6 0 5 8 0 
Board no #6
0 0 0 0 0 0 5 0 0 
0 3 9 0 1 5 0 0 4 
1 7 0 2 8 0 0 6 0 
6 0 0 3 0 0 0 0 5 
9 5 0 0 0 0 0 4 2 
3 0 0 0 0 7 0 0 1 
0 9 0 0 2 3 0 8 7 
2 0 0 1 7 0 4 5 0 
0 0 4 0 0 0 0 0 0 
Board no #7
9 2 3 0 0 0 0 0 7 
5 0 0 0 0 7 8 9 3 
0 6 0 0 3 0 1 4 0 
2 0 0 0 0 5 0 0 0 
0 0 0 4 8 1 0 0 0 
0 0 0 2 0 0 0 0 1 
0 7 2 0 5 0 0 6 0 
3 5 4 9 0 0 0 0 8 
1 0 0 0 0 0 2 3 5 
