Board no #0
1 0 6 0 0 0 2 0 0 
0 7 0 0 3 0 0 0 0 
2 3 0 0 6 0 0 9 0 
0 2 4 0 0 9 5 0 0 
9 0 0 0 0 0 0 0 2 
0 0 7 3 0 0 8 4 0 
0 4 0 0 7 0 0 2 1 
0 0 0 0 2 0 0 8 0 
0 0 2 0 0 0 9 0 6 
Board no #1
0 0 0 0 0 5 0 0 0 
0 5 0 7 3 0 6 0 0 
3 0 6 0 0 0 0 1 5 
0 3 9 5 8 0 0 6 0 
0 0 0 0 0 0 0 0 0 
0 2 0 0 4 3 5 8 0 
7 8 0 0 0 0 9 0 6 
0 0 5 0 9 2 0 3 0 
0 0 0 1 0 0 0 0 0 
Board no #2
0 0 0 0 1 9 6 0 0 
0 9 0 8 0 0 0 0 7 
0 0 0 0 0 0 0 5 0 
0 0 0 0 0 6 7 9 8 
0 0 0 0 5 0 0 0 0 
1 7 4 9 0 0 0 0 0 
0 6 0 0 0 0 0 0 0 
5 0 0 0 0 2 0 4 0 
0 0 2 7 6 0 0 0 0 
Board no #3
0 0 0 6 4 2 0 0 1 
0 0 0 0 5 0 0 4 0 
0 0 0 1 0 7 0 0 8 
0 2 3 5 0 0 9 0 0 
0 0 8 0 0 0 1 0 0 
0 0 6 0 0 4 7 5 0 
2 0 0 8 0 1 0 0 0 
0 6 0 0 9 0 0 0 0 
4 0 0 2 6 5 0 0 0 
Board no #4
0 1 0 3 0 0 0 9 2 
0 0 0 0 0 2 4 0 0 
0 0 0 0 6 5 0 7 0 
3 0 0 8 0 0 0 5 0 
8 0 5 0 0 0 2 0 4 
0 9 0 0 0 3 0 0 7 
0 4 0 5 8 0 0 0 0 
0 0 3 9 0 0 0 0 0 
7 8 0 0 0 4 0 6 0 
Board no #5
0 0 7 0 0 0 6 0 0 
8 9 0 0 0 0 5 0 0 
0 6 0 0 2 7 0 4 1 
0 4 0 6 0 9 0 0 0 
7 0 0 0 0 0 0 0 9 
0 0 0 7 0 8 0 6 0 
6 7 0 5 1 0 0 2 0 
0 0 3 0 0 0 0 7 6 
0 0 4 0 0 0 3 0 0 
Board no #6
0 0 4 9 0 0 0 0 0 
0 0 0 3 0 7 9 0 0 
9 0 0 0 0 0 0 2 4 
2 0 0 0 7 3 4 0 0 
8 0 0 0 0 0 0 0 3 
0 0 3 2 8 0 0 0 1 
5 2 0 0 0 0 0 0 8 
0 0 9 5 0 8 0 0 0 
0 0 0 0 0 4 3 0 0 
Board no #7
3 0 0 0 0 0 2 0 9 
0 0 4 0 0 6 0 0 0 
5 0 0 0 3 0 1 0 8 
0 0 0 0 0 7 0 0 4 
0 9 0 8 0 5 0 2 0 
6 0 0 2 0 0 0 0 0 
9 0 2 0 5 0 0 0 1 
0 0 0 6 0 0 9 0 0 
1 0 3 0 0 0 0 0 7 
